iter;current;best;move;evals
1;9501;9501;((10, 14), (11, 0));15
2;9379;9379;((7, 14), (8, 0));31
3;9379;9379;((0, 14), (1, 0));49
4;9379;9379;((0, 13), (1, 0));69
5;9379;9379;((0, 12), (1, 0));89
6;9379;9379;((0, 11), (1, 0));109
7;9379;9379;((0, 10), (1, 0));129
8;9379;9379;((0, 9), (1, 0));149
9;9379;9379;((0, 8), (1, 0));169
10;9379;9379;((0, 7), (1, 0));189
11;9379;9379;((0, 6), (1, 0));209
12;9379;9379;((0, 5), (1, 0));229
13;9379;9379;((0, 4), (1, 0));249
14;9379;9379;((0, 3), (1, 0));269
15;9379;9379;((0, 2), (1, 0));289
16;9379;9379;((0, 1), (1, 0));309
17;9379;9379;((0, 0), (1, 0));329
18;9379;9379;((0, 14), (1, 1));348
19;9379;9379;((0, 13), (1, 1));369
20;9113;9113;((0, 12), (1, 1));390
21;9113;9113;((0, 11), (1, 1));411
22;9113;9113;((0, 10), (1, 1));432
23;9113;9113;((0, 9), (1, 1));453
24;9113;9113;((0, 8), (1, 1));474
25;9113;9113;((0, 7), (1, 1));495
26;9113;9113;((0, 6), (1, 1));516
27;9113;9113;((0, 5), (1, 1));537
28;9113;9113;((0, 4), (1, 1));558
29;9113;9113;((0, 3), (1, 1));579
30;9113;9113;((0, 2), (1, 1));600
31;9113;9113;((0, 1), (1, 1));621
32;9113;9113;((0, 0), (1, 1));642
33;9113;9113;((0, 14), (1, 2));661
34;9113;9113;((0, 13), (1, 2));682
35;9113;9113;((0, 12), (1, 2));703
36;9113;9113;((0, 11), (1, 2));724
37;9113;9113;((0, 10), (1, 2));745
38;9113;9113;((0, 9), (1, 2));766
39;9113;9113;((0, 8), (1, 2));787
40;9113;9113;((0, 7), (1, 2));808
41;9113;9113;((0, 6), (1, 2));829
42;9113;9113;((0, 5), (1, 2));850
43;9113;9113;((0, 4), (1, 2));871
44;9113;9113;((0, 14), (1, 3));892
45;9113;9113;((0, 13), (1, 3));915
46;9113;9113;((0, 12), (1, 3));938
47;9113;9113;((0, 11), (1, 3));961
48;9113;9113;((0, 0), (1, 1));984
49;9113;9113;((0, 0), (1, 0));1009
50;9113;9113;((0, 1), (1, 1));1033
51;9113;9113;((0, 1), (1, 0));1059
52;9113;9113;((0, 2), (1, 1));1083
53;9113;9113;((0, 2), (1, 0));1109
54;9113;9113;((0, 3), (1, 1));1133
55;9113;9113;((0, 3), (1, 0));1157
56;9113;9113;((0, 10), (1, 3));1179
57;9113;9113;((0, 9), (1, 3));1201
58;9113;9113;((0, 8), (1, 3));1223
59;9113;9113;((0, 4), (1, 2));1245
60;9113;9113;((0, 4), (1, 1));1269
61;9113;9113;((0, 4), (1, 0));1293
62;9113;9113;((0, 5), (1, 2));1315
63;9113;9113;((0, 5), (1, 1));1339
64;9113;9113;((0, 5), (1, 0));1363
65;9113;9113;((0, 6), (1, 2));1385
66;9113;9113;((0, 6), (1, 1));1409
67;9113;9113;((0, 6), (1, 0));1433
68;9113;9113;((0, 7), (1, 2));1455
69;9113;9113;((0, 7), (1, 1));1477
70;9113;9113;((0, 7), (1, 0));1499
71;9113;9113;((0, 14), (1, 4));1519
72;9113;9113;((0, 13), (1, 4));1541
73;9113;9113;((0, 12), (1, 4));1563
74;8959;8959;((0, 11), (1, 4));1585
75;8959;8959;((0, 8), (1, 3));1607
76;8959;8959;((0, 8), (1, 2));1631
77;8959;8959;((0, 8), (1, 1));1655
78;8959;8959;((0, 8), (1, 0));1679
79;8959;8959;((0, 10), (1, 4));1701
80;8959;8959;((0, 9), (1, 4));1723
81;8959;8959;((0, 14), (1, 5));1743
82;8959;8959;((0, 13), (1, 5));1765
83;8959;8959;((0, 12), (1, 5));1787
84;8959;8959;((0, 11), (1, 5));1809
85;8959;8959;((0, 10), (1, 5));1831
86;8959;8959;((0, 9), (1, 5));1853
87;8959;8959;((0, 14), (1, 6));1873
88;8959;8959;((0, 13), (1, 6));1895
89;8959;8959;((0, 12), (1, 6));1917
90;8959;8959;((0, 11), (1, 6));1939
91;8959;8959;((0, 10), (1, 6));1961
92;8959;8959;((0, 9), (1, 6));1983
93;8959;8959;((0, 14), (1, 7));2003
94;8959;8959;((0, 8), (1, 0));2025
95;8959;8959;((0, 7), (1, 0));2049
96;8959;8959;((0, 6), (1, 0));2073
97;8959;8959;((0, 5), (1, 0));2097
98;8959;8959;((0, 4), (1, 0));2121
99;8959;8959;((0, 3), (1, 0));2145
100;8959;8959;((0, 2), (1, 0));2169
101;8959;8959;((0, 1), (1, 0));2193
102;8959;8959;((0, 0), (1, 0));2217
103;8959;8959;((0, 8), (1, 1));2240
104;8959;8959;((0, 7), (1, 1));2265
105;8959;8959;((0, 6), (1, 1));2290
106;8959;8959;((0, 5), (1, 1));2315
107;8959;8959;((0, 4), (1, 1));2340
108;8959;8959;((0, 3), (1, 1));2365
109;8959;8959;((0, 2), (1, 1));2390
110;8959;8959;((0, 1), (1, 1));2415
111;8959;8959;((0, 0), (1, 1));2440
112;8959;8959;((0, 8), (1, 2));2463
113;8959;8959;((0, 7), (1, 2));2488
114;8959;8959;((0, 6), (1, 2));2513
115;8959;8959;((0, 5), (1, 2));2538
116;8959;8959;((0, 4), (1, 2));2563
117;8959;8959;((0, 8), (1, 3));2588
118;8959;8959;((0, 7), (1, 3));2615
119;8959;8959;((0, 6), (1, 3));2642
120;8959;8959;((0, 5), (1, 3));2669
121;8959;8959;((0, 4), (1, 3));2696
122;8959;8959;((0, 8), (1, 4));2721
123;8959;8959;((0, 7), (1, 4));2748
124;8959;8959;((0, 6), (1, 4));2775
125;8959;8959;((0, 5), (1, 4));2802
126;8959;8959;((0, 4), (1, 4));2829
127;8959;8959;((0, 0), (1, 1));2854
128;8959;8959;((0, 0), (1, 0));2881
129;8959;8959;((0, 1), (1, 1));2907
130;8959;8959;((0, 1), (1, 0));2935
131;8959;8959;((0, 2), (1, 1));2961
132;8959;8959;((0, 2), (1, 0));2989
133;8959;8959;((0, 3), (1, 1));3015
134;8959;8959;((0, 3), (1, 0));3041
135;8959;8959;((0, 9), (1, 6));3065
136;8959;8959;((0, 9), (1, 5));3091
137;8959;8959;((0, 10), (1, 6));3115
138;8959;8959;((0, 10), (1, 5));3141
139;8959;8959;((0, 11), (1, 6));3165
140;8959;8959;((0, 11), (1, 5));3191
141;8959;8959;((0, 12), (1, 6));3215
142;8959;8959;((0, 4), (1, 4));3241
143;8959;8959;((0, 4), (1, 3));3269
144;8959;8959;((0, 4), (1, 2));3297
145;8959;8959;((0, 4), (1, 1));3325
146;8959;8959;((0, 4), (1, 0));3353
147;8959;8959;((0, 5), (1, 4));3379
148;8959;8959;((0, 5), (1, 3));3407
149;8959;8959;((0, 5), (1, 2));3435
150;8959;8959;((0, 5), (1, 1));3463
151;8959;8959;((0, 5), (1, 0));3491
152;8959;8959;((0, 6), (1, 4));3517
153;8959;8959;((0, 6), (1, 3));3545
154;8959;8959;((0, 6), (1, 2));3573
155;8959;8959;((0, 6), (1, 1));3601
156;8959;8959;((0, 6), (1, 0));3629
157;8959;8959;((0, 7), (1, 4));3655
158;8959;8959;((0, 7), (1, 3));3683
159;8959;8959;((0, 7), (1, 2));3711
160;8959;8959;((0, 7), (1, 1));3739
161;8959;8959;((0, 7), (1, 0));3767
162;8959;8959;((0, 8), (1, 4));3793
163;8959;8959;((0, 8), (1, 3));3821
164;8959;8959;((0, 8), (1, 2));3849
165;8959;8959;((0, 8), (1, 1));3877
166;8959;8959;((0, 8), (1, 0));3905
167;8959;8959;((0, 9), (1, 4));3931
168;8959;8959;((0, 10), (1, 4));3959
169;8959;8959;((0, 11), (1, 5));3987
170;8959;8959;((0, 12), (1, 6));4013
171;8959;8959;((0, 11), (1, 6));4039
172;8959;8959;((0, 13), (1, 7));4063
173;8959;8959;((0, 12), (1, 7));4087
174;8959;8959;((0, 11), (1, 7));4111
175;8959;8959;((0, 14), (1, 8));4133
176;8959;8959;((0, 13), (1, 8));4157
177;8959;8959;((0, 12), (1, 8));4181
178;8959;8959;((0, 11), (1, 8));4205
179;8959;8959;((0, 14), (1, 9));4227
180;8959;8959;((0, 13), (1, 9));4251
181;8959;8959;((0, 12), (1, 9));4275
182;8959;8959;((0, 8), (1, 0));4299
183;8959;8959;((0, 7), (1, 0));4325
184;8959;8959;((0, 6), (1, 0));4351
185;8959;8959;((0, 5), (1, 0));4377
186;8959;8959;((0, 4), (1, 0));4403
187;8959;8959;((0, 3), (1, 0));4429
188;8959;8959;((0, 2), (1, 0));4455
189;8959;8959;((0, 1), (1, 0));4481
190;8959;8959;((0, 0), (1, 0));4507
191;8959;8959;((0, 8), (1, 1));4532
192;8959;8959;((0, 7), (1, 1));4559
193;8959;8959;((0, 6), (1, 1));4586
194;8959;8959;((0, 5), (1, 1));4613
195;8959;8959;((0, 4), (1, 1));4640
196;8959;8959;((0, 3), (1, 1));4667
197;8959;8959;((0, 2), (1, 1));4694
198;8959;8959;((0, 1), (1, 1));4721
199;8959;8959;((0, 0), (1, 1));4748
200;8959;8959;((0, 8), (1, 2));4773
201;8959;8959;((0, 7), (1, 2));4800
202;8959;8959;((0, 6), (1, 2));4827
203;8959;8959;((0, 5), (1, 2));4854
204;8959;8959;((0, 4), (1, 2));4881
205;8959;8959;((0, 8), (1, 3));4908
206;8959;8959;((0, 7), (1, 3));4935
207;8959;8959;((0, 6), (1, 3));4962
208;8959;8959;((0, 5), (1, 3));4989
209;8959;8959;((0, 4), (1, 3));5016
210;8959;8959;((0, 10), (1, 4));5041
211;8959;8959;((0, 9), (1, 4));5068
212;8959;8959;((0, 8), (1, 4));5095
213;8959;8959;((0, 7), (1, 4));5122
214;8959;8959;((0, 6), (1, 4));5149
215;8959;8959;((0, 0), (1, 1));5176
216;8959;8959;((0, 0), (1, 0));5205
217;8959;8959;((0, 1), (1, 1));5233
218;8959;8959;((0, 1), (1, 0));5263
219;8959;8959;((0, 2), (1, 1));5291
220;8959;8959;((0, 2), (1, 0));5321
221;8959;8959;((0, 3), (1, 1));5349
222;8959;8959;((0, 3), (1, 0));5377
223;8959;8959;((0, 5), (1, 4));5403
224;8959;8959;((0, 4), (1, 4));5429
225;8959;8959;((0, 10), (1, 5));5453
226;8959;8959;((0, 9), (1, 5));5479
227;8959;8959;((0, 10), (1, 6));5505
228;8959;8959;((0, 9), (1, 6));5533
229;8959;8959;((0, 11), (1, 8));5559
230;8959;8959;((0, 11), (1, 7));5585
231;8959;8959;((0, 12), (1, 9));5609
232;8959;8959;((0, 12), (1, 8));5635
233;8959;8959;((0, 12), (1, 7));5661
234;8959;8959;((0, 13), (1, 9));5685
235;8959;8959;((0, 13), (1, 8));5711
236;8959;8959;((0, 13), (1, 7));5737
237;8959;8959;((0, 14), (1, 9));5761
238;8959;8959;((0, 3), (1, 0));5785
239;8959;8959;((0, 2), (1, 0));5811
240;8959;8959;((0, 1), (1, 0));5837
241;8959;8959;((0, 0), (1, 0));5863
242;8959;8959;((0, 3), (1, 1));5888
243;8959;8959;((0, 2), (1, 1));5915
244;8959;8959;((0, 1), (1, 1));5942
245;8959;8959;((0, 0), (1, 1));5969
246;8959;8959;((0, 4), (1, 4));5994
247;8959;8959;((0, 4), (1, 3));6021
248;8959;8959;((0, 4), (1, 2));6048
249;8959;8959;((0, 5), (1, 4));6073
250;8959;8959;((0, 5), (1, 3));6100
251;8959;8959;((0, 5), (1, 2));6127
252;8959;8959;((0, 6), (1, 4));6152
253;8959;8959;((0, 6), (1, 3));6179
254;8959;8959;((0, 6), (1, 2));6206
255;8959;8959;((0, 7), (1, 4));6231
256;8959;8959;((0, 7), (1, 3));6258
257;8959;8959;((0, 7), (1, 2));6285
258;8959;8959;((0, 8), (1, 4));6310
259;8959;8959;((0, 8), (1, 3));6335
260;8959;8959;((0, 8), (1, 2));6360
261;8959;8959;((0, 0), (1, 1));6383
262;8959;8959;((0, 0), (1, 0));6408
263;8959;8959;((0, 1), (1, 1));6432
264;8959;8959;((0, 1), (1, 0));6458
265;8959;8959;((0, 2), (1, 1));6482
266;8959;8959;((0, 2), (1, 0));6508
267;8959;8959;((0, 3), (1, 1));6532
268;8959;8959;((0, 3), (1, 0));6558
269;8959;8959;((0, 4), (1, 1));6582
270;8959;8959;((0, 4), (1, 0));6608
271;8959;8959;((0, 5), (1, 1));6632
272;8959;8959;((0, 5), (1, 0));6658
273;8959;8959;((0, 6), (1, 1));6682
274;8959;8959;((0, 6), (1, 0));6708
275;8959;8959;((0, 7), (1, 1));6732
276;8959;8959;((0, 7), (1, 0));6758
277;8959;8959;((0, 8), (1, 1));6782
278;8959;8959;((0, 8), (1, 0));6806
279;8959;8959;((0, 9), (1, 6));6828
280;8959;8959;((0, 9), (1, 5));6852
281;8959;8959;((0, 9), (1, 4));6876
282;8959;8959;((0, 10), (1, 6));6900
283;8959;8959;((0, 10), (1, 5));6926
284;8959;8959;((0, 10), (1, 4));6952
285;8959;8959;((0, 11), (1, 6));6976
286;8959;8959;((0, 11), (1, 5));7002
287;8959;8959;((0, 12), (1, 6));7028
288;8959;8959;((0, 12), (1, 5));7056
289;8959;8959;((0, 13), (1, 6));7082
290;8959;8959;((0, 13), (1, 5));7108
291;8959;8959;((0, 14), (1, 8));7132
292;8959;8959;((0, 14), (1, 7));7156
293;8959;8959;((0, 14), (1, 6));7180
294;8959;8959;((0, 8), (1, 0));7204
295;8959;8959;((0, 7), (1, 0));7230
296;8959;8959;((0, 6), (1, 0));7256
297;8959;8959;((0, 5), (1, 0));7282
298;8959;8959;((0, 4), (1, 0));7308
299;8959;8959;((0, 3), (1, 0));7334
300;8959;8959;((0, 2), (1, 0));7360
301;8959;8959;((0, 1), (1, 0));7386
302;8959;8959;((0, 0), (1, 0));7412
303;8959;8959;((0, 8), (1, 1));7437
304;8959;8959;((0, 7), (1, 1));7464
305;8959;8959;((0, 6), (1, 1));7491
306;8959;8959;((0, 5), (1, 1));7518
307;8959;8959;((0, 4), (1, 1));7545
308;8959;8959;((0, 3), (1, 1));7572
309;8959;8959;((0, 2), (1, 1));7599
310;8959;8959;((0, 1), (1, 1));7626
311;8959;8959;((0, 0), (1, 1));7653
312;8959;8959;((0, 8), (1, 2));7678
313;8959;8959;((0, 7), (1, 2));7705
314;8959;8959;((0, 6), (1, 2));7732
315;8959;8959;((0, 5), (1, 2));7759
316;8959;8959;((0, 4), (1, 2));7786
317;8959;8959;((0, 8), (1, 3));7813
318;8959;8959;((0, 7), (1, 3));7840
319;8959;8959;((0, 6), (1, 3));7867
320;8959;8959;((0, 5), (1, 3));7894
321;8959;8959;((0, 4), (1, 3));7921
322;8959;8959;((0, 10), (1, 4));7946
323;8959;8959;((0, 9), (1, 4));7971
324;8959;8959;((0, 8), (1, 4));7996
325;8959;8959;((0, 7), (1, 4));8021
326;8959;8959;((0, 6), (1, 4));8046
327;8959;8959;((0, 0), (1, 1));8071
328;8959;8959;((0, 0), (1, 0));8098
329;8959;8959;((0, 1), (1, 1));8124
330;8959;8959;((0, 1), (1, 0));8152
331;8959;8959;((0, 2), (1, 1));8178
332;8959;8959;((0, 2), (1, 0));8206
333;8959;8959;((0, 3), (1, 1));8232
334;8959;8959;((0, 3), (1, 0));8258
335;8959;8959;((0, 5), (1, 4));8282
336;8959;8959;((0, 4), (1, 4));8306
337;8959;8959;((0, 13), (1, 5));8328
338;8959;8959;((0, 12), (1, 5));8350
339;8959;8959;((0, 11), (1, 5));8372
340;8959;8959;((0, 10), (1, 5));8394
341;8959;8959;((0, 9), (1, 5));8416
342;8959;8959;((0, 14), (1, 6));8438
343;8959;8959;((0, 13), (1, 6));8462
344;8959;8959;((0, 12), (1, 6));8486
345;8959;8959;((0, 11), (1, 6));8510
346;8959;8959;((0, 10), (1, 6));8534
347;8959;8959;((0, 9), (1, 6));8558
348;8959;8959;((0, 14), (1, 7));8580
349;8959;8959;((0, 13), (1, 7));8604
350;8959;8959;((0, 3), (1, 0));8628
351;8959;8959;((0, 2), (1, 0));8654
352;8959;8959;((0, 1), (1, 0));8680
353;8959;8959;((0, 0), (1, 0));8706
354;8959;8959;((0, 3), (1, 1));8731
355;8959;8959;((0, 2), (1, 1));8758
356;8959;8959;((0, 1), (1, 1));8785
357;8959;8959;((0, 0), (1, 1));8812
358;8959;8959;((0, 4), (1, 4));8837
359;8959;8959;((0, 4), (1, 3));8864
360;8959;8959;((0, 4), (1, 2));8891
361;8959;8959;((0, 5), (1, 4));8916
362;8959;8959;((0, 5), (1, 3));8943
363;8959;8959;((0, 5), (1, 2));8970
364;8959;8959;((0, 6), (1, 4));8995
365;8959;8959;((0, 6), (1, 3));9022
366;8959;8959;((0, 6), (1, 2));9049
367;8959;8959;((0, 7), (1, 4));9074
368;8959;8959;((0, 7), (1, 3));9101
369;8959;8959;((0, 7), (1, 2));9128
370;8959;8959;((0, 8), (1, 4));9153
371;8959;8959;((0, 8), (1, 3));9178
372;8959;8959;((0, 8), (1, 2));9203
373;8959;8959;((0, 0), (1, 1));9226
374;8959;8959;((0, 0), (1, 0));9251
375;8959;8959;((0, 1), (1, 1));9275
376;8959;8959;((0, 1), (1, 0));9301
377;8959;8959;((0, 2), (1, 1));9325
378;8959;8959;((0, 2), (1, 0));9351
379;8959;8959;((0, 3), (1, 1));9375
380;8959;8959;((0, 3), (1, 0));9401
381;8959;8959;((0, 4), (1, 1));9425
382;8959;8959;((0, 4), (1, 0));9451
383;8959;8959;((0, 5), (1, 1));9475
384;8959;8959;((0, 5), (1, 0));9501
385;8959;8959;((0, 6), (1, 1));9525
386;8959;8959;((0, 6), (1, 0));9551
387;8959;8959;((0, 7), (1, 1));9575
388;8959;8959;((0, 7), (1, 0));9601
389;8959;8959;((0, 8), (1, 1));9625
390;8959;8959;((0, 8), (1, 0));9649
391;8959;8959;((0, 9), (1, 6));9671
392;8959;8959;((0, 9), (1, 5));9695
393;8959;8959;((0, 9), (1, 4));9719
394;8959;8959;((0, 10), (1, 6));9743
395;8959;8959;((0, 10), (1, 5));9769
396;8959;8959;((0, 10), (1, 4));9795
397;8959;8959;((0, 11), (1, 6));9819
398;8959;8959;((0, 11), (1, 5));9845
399;8959;8959;((0, 12), (1, 6));9871
400;8959;8959;((0, 12), (1, 5));9897
