iter;T;current;best;delta;accepted;evals;move
1;28.500000;9873;9873;0;1;3;None
2;27.075000;9873;9873;0;1;5;None
3;25.721250;9873;9873;0;1;7;None
4;24.435187;9873;9873;0;1;9;None
5;23.213428;9873;9873;0;1;11;None
6;22.052757;9873;9873;0;1;13;None
7;20.950119;9751;9751;-122;1;15;None
8;19.902613;9751;9751;0;1;17;None
9;18.907482;9751;9751;0;1;19;None
10;17.962108;9751;9751;0;1;21;None
11;17.064003;9751;9751;0;1;23;None
12;16.210803;9751;9751;0;1;25;None
13;15.400262;9751;9751;0;1;27;None
14;14.630249;9751;9751;0;1;29;None
15;13.898737;9751;9751;0;1;31;None
16;13.203800;9751;9751;0;1;33;None
17;12.543610;9751;9751;0;1;35;None
18;11.916430;9751;9751;0;1;37;None
19;11.320608;9751;9751;0;1;39;None
20;10.754578;9751;9751;0;1;41;None
21;10.216849;9526;9526;-225;1;43;None
22;9.706006;9526;9526;0;1;45;None
23;9.220706;9526;9526;0;1;47;None
24;8.759671;9526;9526;0;1;49;None
25;8.321687;9154;9154;-372;1;51;None
26;7.905603;9154;9154;0;1;53;None
27;7.510323;9154;9154;0;1;55;None
28;7.134807;9154;9154;0;1;57;None
29;6.778066;9154;9154;0;1;59;None
30;6.439163;9154;9154;0;1;61;None
31;6.117205;9154;9154;0;1;63;None
32;5.811345;9154;9154;0;1;65;None
33;5.520777;9154;9154;0;1;67;None
34;5.244738;9154;9154;0;1;69;None
35;4.982502;9154;9154;0;1;71;None
36;4.733376;8780;8780;-374;1;73;None
37;4.496708;8780;8780;0;1;75;None
38;4.271872;8780;8780;0;1;77;None
39;4.058279;8780;8780;0;1;79;None
40;3.855365;8780;8780;0;1;81;None
41;3.662596;8780;8780;0;1;83;None
42;3.479467;8780;8780;0;1;85;None
43;3.305493;8780;8780;0;1;87;None
44;3.140219;8780;8780;0;1;89;None
45;2.983208;8780;8780;0;1;91;None
46;2.834047;8780;8780;0;1;93;None
47;2.692345;8780;8780;0;1;95;None
48;2.557728;8780;8780;0;1;97;None
49;2.429841;8484;8484;-296;1;99;None
50;2.308349;8484;8484;0;1;101;None
51;2.192932;8484;8484;0;1;103;None
52;2.083285;8484;8484;0;1;105;None
53;1.979121;8484;8484;0;1;107;None
54;1.880165;8484;8484;0;1;109;None
55;1.786157;8484;8484;0;1;111;None
56;1.696849;8484;8484;0;1;113;None
57;1.612006;8484;8484;0;1;115;None
58;1.531406;8484;8484;0;1;117;None
59;1.454836;8484;8484;0;1;119;None
60;1.382094;8484;8484;0;1;121;None
61;1.312989;8484;8484;0;1;123;None
62;1.247340;8484;8484;0;1;125;None
63;1.184973;8484;8484;0;1;127;None
64;1.125724;8484;8484;0;1;129;None
65;1.069438;8484;8484;0;1;131;None
66;1.015966;8484;8484;0;1;133;None
67;0.965168;8484;8484;0;1;135;None
68;0.916909;8484;8484;0;1;137;None
69;0.871064;8484;8484;0;1;139;None
70;0.827511;8484;8484;0;1;141;None
71;0.786135;8359;8359;-125;1;143;None
72;0.746828;8359;8359;0;1;145;None
73;0.709487;8359;8359;0;1;147;None
74;0.674013;8359;8359;0;1;149;None
75;0.640312;8359;8359;0;1;151;None
76;0.608296;8359;8359;0;1;153;None
77;0.577882;8359;8359;0;1;155;None
78;0.548988;8359;8359;0;1;157;None
79;0.521538;8359;8359;0;1;159;None
80;0.495461;8359;8359;0;1;161;None
81;0.470688;8359;8359;0;1;163;None
82;0.447154;8359;8359;0;1;165;None
83;0.424796;8359;8359;0;1;167;None
84;0.403556;8359;8359;0;1;169;None
85;0.383378;8359;8359;0;1;171;None
86;0.364210;8359;8359;0;1;173;None
87;0.345999;8359;8359;0;1;175;None
88;0.328699;8359;8359;0;1;177;None
89;0.312264;8359;8359;0;1;179;None
90;0.296651;8359;8359;0;1;181;None
91;0.281818;8359;8359;0;1;183;None
92;0.267727;8359;8359;0;1;185;None
93;0.254341;8359;8359;0;1;187;None
94;0.241624;8359;8359;0;1;189;None
95;0.229543;8359;8359;0;1;191;None
96;0.218066;8359;8359;0;1;193;None
97;0.207162;8359;8359;0;1;195;None
98;0.196804;8359;8359;0;1;197;None
99;0.186964;8359;8359;0;1;199;None
100;0.177616;8359;8359;0;1;201;None
101;0.168735;8359;8359;0;1;203;None
102;0.160298;8359;8359;0;1;205;None
103;0.152283;8359;8359;0;1;207;None
104;0.144669;8359;8359;0;1;209;None
105;0.137436;8359;8359;0;1;211;None
106;0.130564;8359;8359;0;1;213;None
107;0.124036;8359;8359;0;1;215;None
108;0.117834;8359;8359;0;1;217;None
109;0.111942;8359;8359;0;1;219;None
110;0.106345;8359;8359;0;1;221;None
111;0.101028;8359;8359;0;1;223;None
112;0.095977;8359;8359;0;1;225;None
113;0.091178;8359;8359;0;1;227;None
114;0.086619;8359;8359;0;1;229;None
115;0.082288;8359;8359;0;1;231;None
116;0.078173;8359;8359;0;1;233;None
117;0.074265;8359;8359;0;1;235;None
118;0.070552;8359;8359;0;1;237;None
119;0.067024;8359;8359;0;1;239;None
120;0.063673;8359;8359;0;1;241;None
121;0.060489;8359;8359;0;1;243;None
122;0.057465;8359;8359;0;1;245;None
123;0.054591;8359;8359;0;1;247;None
124;0.051862;8359;8359;0;1;249;None
125;0.049269;8359;8359;0;1;251;None
126;0.046805;8359;8359;0;1;253;None
127;0.044465;8359;8359;0;1;255;None
128;0.042242;8359;8359;0;1;257;None
129;0.040130;8359;8359;0;1;259;None
130;0.038123;8359;8359;0;1;261;None
131;0.036217;8359;8359;0;1;263;None
132;0.034406;8359;8359;0;1;265;None
133;0.032686;8359;8359;0;1;267;None
134;0.031052;8359;8359;0;1;269;None
135;0.029499;8359;8359;0;1;271;None
136;0.028024;8359;8359;0;1;273;None
137;0.026623;8359;8359;0;1;275;None
138;0.025292;8359;8359;0;1;277;None
139;0.024027;8359;8359;0;1;279;None
140;0.022826;8359;8359;0;1;281;None
141;0.021685;8359;8359;0;1;283;None
142;0.020600;8359;8359;0;1;285;None
143;0.019570;8359;8359;0;1;287;None
144;0.018592;8359;8359;0;1;289;None
145;0.017662;8359;8359;0;1;291;None
146;0.016779;8359;8359;0;1;293;None
147;0.015940;8359;8359;0;1;295;None
148;0.015143;8359;8359;0;1;297;None
149;0.014386;8359;8359;0;1;299;None
150;0.013667;8359;8359;0;1;301;None
151;0.012983;8359;8359;0;1;303;None
152;0.012334;8359;8359;0;1;305;None
153;0.011717;8359;8359;0;1;307;None
154;0.011132;8359;8359;0;1;309;None
155;0.010575;8359;8359;0;1;311;None
156;0.010046;8359;8359;0;1;313;None
157;0.009544;8359;8359;0;1;315;None
158;0.009067;8359;8359;0;1;317;None
159;0.008613;8359;8359;0;1;319;None
160;0.008183;8359;8359;0;1;321;None
161;0.007774;8359;8359;0;1;323;None
162;0.007385;8359;8359;0;1;325;None
163;0.007016;8359;8359;0;1;327;None
164;0.006665;8359;8359;0;1;329;None
165;0.006332;8359;8359;0;1;331;None
166;0.006015;8359;8359;0;1;333;None
167;0.005714;8359;8359;0;1;335;None
168;0.005429;8359;8359;0;1;337;None
169;0.005157;8359;8359;0;1;339;None
170;0.004899;8359;8359;0;1;341;None
171;0.004654;8359;8359;0;1;343;None
172;0.004422;8359;8359;0;1;345;None
173;0.004201;8359;8359;0;1;347;None
174;0.003991;8359;8359;0;1;349;None
175;0.003791;8359;8359;0;1;351;None
176;0.003601;8359;8359;0;1;353;None
177;0.003421;8359;8359;0;1;355;None
178;0.003250;8359;8359;0;1;357;None
179;0.003088;8359;8359;0;1;359;None
180;0.002933;8359;8359;0;1;361;None
181;0.002787;8359;8359;0;1;363;None
182;0.002647;8359;8359;0;1;365;None
183;0.002515;8359;8359;0;1;367;None
184;0.002389;8359;8359;0;1;369;None
185;0.002270;8359;8359;0;1;371;None
186;0.002156;8359;8359;0;1;373;None
187;0.002048;8359;8359;0;1;375;None
188;0.001946;8359;8359;0;1;377;None
189;0.001849;8359;8359;0;1;379;None
190;0.001756;8359;8359;0;1;381;None
191;0.001669;8359;8359;0;1;383;None
192;0.001585;8359;8359;0;1;385;None
193;0.001506;8359;8359;0;1;387;None
194;0.001431;8359;8359;0;1;389;None
195;0.001359;8359;8359;0;1;391;None
196;0.001291;8359;8359;0;1;393;None
197;0.001227;8359;8359;0;1;395;None
198;0.001165;8359;8359;0;1;397;None
199;0.001107;8359;8359;0;1;399;None
200;0.001052;8359;8359;0;1;401;None
201;0.000999;8359;8359;0;1;403;None
